xof 0303txt 0032


template VertexDuplicationIndices { 
 <b8d65549-d7c9-4995-89cf-53a9a8b031e3>
 DWORD nIndices;
 DWORD nOriginalVertices;
 array DWORD indices[nIndices];
}
template XSkinMeshHeader {
 <3cf169ce-ff7c-44ab-93c0-f78f62d172e2>
 WORD nMaxSkinWeightsPerVertex;
 WORD nMaxSkinWeightsPerFace;
 WORD nBones;
}
template SkinWeights {
 <6f0d123b-bad2-4167-a0d0-80224f25fabb>
 STRING transformNodeName;
 DWORD nWeights;
 array DWORD vertexIndices[nWeights];
 array float weights[nWeights];
 Matrix4x4 matrixOffset;
}

Frame RootFrame {

  FrameTransformMatrix {
    1.000000,0.000000,0.000000,0.000000,
    0.000000,1.000000,0.000000,0.000000,
    0.000000,0.000000,-1.000000,0.000000,
    0.000000,0.000000,0.000000,1.000000;;
  }
    Frame Bone {

      FrameTransformMatrix {
        1.000000,-0.000000,-0.000000,0.000000,
        -0.000000,-0.089400,0.996000,0.000000,
        -0.000000,-0.996000,-0.089400,0.000000,
        0.000000,0.000000,0.000000,1.000000;;
      }
      Frame Bone_001 {

        FrameTransformMatrix {
          -0.999700,0.019000,0.015200,0.000000,
          0.019000,0.999800,-0.002100,0.000000,
          -0.015300,-0.001800,-0.999900,0.000000,
          -0.000000,1.004000,0.000000,1.000000;;
        }
        Frame Bone_002 {

          FrameTransformMatrix {
            0.998600,-0.033000,0.041500,0.000000,
            0.025600,0.985500,0.167900,0.000000,
            -0.046500,-0.166600,0.984900,0.000000,
            0.000000,0.900100,0.000000,1.000000;;
          }
          Frame Bone_003 {

            FrameTransformMatrix {
              0.999200,0.016700,-0.036700,0.000000,
              -0.019600,0.996600,-0.080300,0.000000,
              0.035300,0.081000,0.996100,0.000000,
              -0.000000,0.901800,-0.000000,1.000000;;
            }
            Frame Bone_004 {

              FrameTransformMatrix {
                0.999900,-0.011800,0.012000,0.000000,
                0.012300,0.999100,-0.040900,0.000000,
                -0.011500,0.041000,0.999100,0.000000,
                0.000000,0.712300,-0.000000,1.000000;;
              }
              Frame Bone_005 {

                FrameTransformMatrix {
                  1.000000,0.004100,-0.003900,0.000000,
                  -0.004800,0.976800,-0.214200,0.000000,
                  0.003000,0.214200,0.976800,0.000000,
                  0.000000,1.369600,0.000000,1.000000;;
                }
                Frame Bone_006 {

                  FrameTransformMatrix {
                    1.000000,-0.000000,-0.000000,0.000000,
                    0.000000,0.956600,0.291500,0.000000,
                    -0.000000,-0.291500,0.956600,0.000000,
                    -0.000000,0.574000,-0.000000,1.000000;;
                  }
                }
              }
              Frame Bone_007 {

                FrameTransformMatrix {
                  0.051600,-0.283800,-0.957500,0.000000,
                  -0.943300,-0.328500,0.046500,0.000000,
                  -0.327800,0.900900,-0.284600,0.000000,
                  0.000000,1.369600,0.000000,1.000000;;
                }
                Frame Bone_008 {

                  FrameTransformMatrix {
                    0.987800,-0.037100,0.151300,0.000000,
                    0.006600,0.980300,0.197400,0.000000,
                    -0.155700,-0.194000,0.968600,0.000000,
                    0.000000,1.216800,0.000000,1.000000;;
                  }
                  Frame Bone_009 {

                    FrameTransformMatrix {
                      0.989500,-0.031700,0.141200,0.000000,
                      0.017800,0.994900,0.099100,0.000000,
                      -0.143700,-0.095500,0.985000,0.000000,
                      0.000000,1.139100,-0.000000,1.000000;;
                    }
                    Frame Bone_015 {

                      FrameTransformMatrix {
                        0.992900,-0.116600,0.023500,0.000000,
                        0.117100,0.992900,-0.019700,0.000000,
                        -0.021000,0.022300,0.999500,0.000000,
                        0.000000,1.470600,-0.000000,1.000000;;
                      }
                      Frame Bone_016 {

                        FrameTransformMatrix {
                          -0.295600,-0.954400,-0.042600,0.000000,
                          0.828200,-0.233800,-0.509400,0.000000,
                          0.476200,-0.185800,0.859500,0.000000,
                          -0.000000,0.297900,-0.000000,1.000000;;
                        }
                        Frame Bone_021 {

                          FrameTransformMatrix {
                            0.364600,0.911400,0.191000,0.000000,
                            -0.722800,0.406300,-0.559000,0.000000,
                            -0.587100,0.065800,0.806800,0.000000,
                            -0.000000,0.324100,0.000000,1.000000;;
                          }
                          Frame Bone_022 {

                            FrameTransformMatrix {
                              0.984300,0.176200,0.011700,0.000000,
                              -0.173500,0.977300,-0.121300,0.000000,
                              -0.032800,0.117400,0.992500,0.000000,
                              0.000000,0.200500,-0.000000,1.000000;;
                            }
                          }
                        }
                      }
                      Frame Bone_017 {

                        FrameTransformMatrix {
                          0.518100,0.843800,0.139600,0.000000,
                          -0.777500,0.532700,-0.334400,0.000000,
                          -0.356500,0.064700,0.932000,0.000000,
                          -0.000000,0.297900,-0.000000,1.000000;;
                        }
                        Frame Bone_032 {

                          FrameTransformMatrix {
                            0.549500,-0.823000,-0.143900,0.000000,
                            0.832700,0.553500,0.014400,0.000000,
                            0.067800,-0.127700,0.989500,0.000000,
                            0.000000,0.227200,0.000000,1.000000;;
                          }
                          Frame Bone_033 {

                            FrameTransformMatrix {
                              0.855800,-0.301700,-0.420300,0.000000,
                              -0.071300,0.735900,-0.673300,0.000000,
                              0.512400,0.606100,0.608300,0.000000,
                              0.000000,0.159200,0.000000,1.000000;;
                            }
                            Frame Bone_034 {

                              FrameTransformMatrix {
                                0.742300,-0.350100,-0.571400,0.000000,
                                0.233800,0.934400,-0.268900,0.000000,
                                0.628000,0.066000,0.775400,0.000000,
                                -0.000000,0.124100,0.000000,1.000000;;
                              }
                            }
                          }
                        }
                      }
                      Frame Bone_018 {

                        FrameTransformMatrix {
                          0.958200,0.285300,0.021000,0.000000,
                          -0.284000,0.957600,-0.048200,0.000000,
                          -0.033900,0.040200,0.998600,0.000000,
                          -0.000000,0.297900,-0.000000,1.000000;;
                        }
                        Frame Bone_029 {

                          FrameTransformMatrix {
                            0.846400,-0.200300,-0.493500,0.000000,
                            0.236300,0.971600,0.011000,0.000000,
                            0.477300,-0.126000,0.869700,0.000000,
                            0.000000,0.157800,0.000000,1.000000;;
                          }
                          Frame Bone_030 {

                            FrameTransformMatrix {
                              0.928300,-0.323300,0.183700,0.000000,
                              0.370000,0.852200,-0.370000,0.000000,
                              -0.037000,0.411400,0.910700,0.000000,
                              -0.000000,0.184200,-0.000000,1.000000;;
                            }
                            Frame Bone_031 {

                              FrameTransformMatrix {
                                0.746300,-0.485000,-0.455900,0.000000,
                                0.241600,0.835600,-0.493400,0.000000,
                                0.620200,0.258100,0.740800,0.000000,
                                0.000000,0.167000,-0.000000,1.000000;;
                              }
                            }
                          }
                        }
                      }
                      Frame Bone_019 {

                        FrameTransformMatrix {
                          0.922600,-0.384900,-0.026000,0.000000,
                          0.385300,0.915800,0.113500,0.000000,
                          -0.019800,-0.114700,0.993200,0.000000,
                          -0.000000,0.297900,-0.000000,1.000000;;
                        }
                        Frame Bone_026 {

                          FrameTransformMatrix {
                            0.934600,0.322900,0.148900,0.000000,
                            -0.314200,0.946000,-0.079400,0.000000,
                            -0.166500,0.027400,0.985700,0.000000,
                            0.000000,0.175200,-0.000000,1.000000;;
                          }
                          Frame Bone_027 {

                            FrameTransformMatrix {
                              0.907600,-0.193800,-0.372400,0.000000,
                              -0.028600,0.856600,-0.515300,0.000000,
                              0.418900,0.478300,0.771900,0.000000,
                              -0.000000,0.196000,-0.000000,1.000000;;
                            }
                            Frame Bone_028 {

                              FrameTransformMatrix {
                                0.736900,-0.493200,-0.462300,0.000000,
                                0.211100,0.817600,-0.535700,0.000000,
                                0.642200,0.297200,0.706600,0.000000,
                                -0.000000,0.165700,0.000000,1.000000;;
                              }
                            }
                          }
                        }
                      }
                      Frame Bone_020 {

                        FrameTransformMatrix {
                          0.556300,-0.828800,-0.059600,0.000000,
                          0.831000,0.554900,0.038900,0.000000,
                          0.000900,-0.071200,0.997500,0.000000,
                          -0.000000,0.297900,-0.000000,1.000000;;
                        }
                        Frame Bone_023 {

                          FrameTransformMatrix {
                            0.704500,0.698300,-0.126800,0.000000,
                            -0.708700,0.701600,-0.074200,0.000000,
                            0.037200,0.142100,0.989200,0.000000,
                            0.000000,0.246200,0.000000,1.000000;;
                          }
                          Frame Bone_024 {

                            FrameTransformMatrix {
                              0.986100,-0.119500,-0.115400,0.000000,
                              0.034300,0.826000,-0.562700,0.000000,
                              0.162600,0.550900,0.818600,0.000000,
                              -0.000000,0.190400,0.000000,1.000000;;
                            }
                            Frame Bone_025 {

                              FrameTransformMatrix {
                                0.793700,-0.376600,-0.477700,0.000000,
                                0.136100,0.875400,-0.463800,0.000000,
                                0.592900,0.303100,0.746100,0.000000,
                                -0.000000,0.164600,-0.000000,1.000000;;
                              }
                            }
                          }
                        }
                      }
                    }
                  }
                }
              }
              Frame Bone_035 {

                FrameTransformMatrix {
                  0.050200,0.026300,-0.998400,0.000000,
                  0.946300,-0.320800,0.039100,0.000000,
                  -0.319200,-0.946800,-0.041000,0.000000,
                  0.000000,1.369600,0.000000,1.000000;;
                }
                Frame Bone_036 {

                  FrameTransformMatrix {
                    0.922200,-0.134700,-0.362500,0.000000,
                    0.070700,0.980300,-0.184400,0.000000,
                    0.380200,0.144400,0.913600,0.000000,
                    -0.000000,1.216800,-0.000000,1.000000;;
                  }
                  Frame Bone_037 {

                    FrameTransformMatrix {
                      0.323200,-0.092500,-0.941800,0.000000,
                      0.067800,0.994900,-0.074400,0.000000,
                      0.943900,-0.039800,0.327900,0.000000,
                      -0.000000,1.139100,0.000000,1.000000;;
                    }
                    Frame Bone_043 {

                      FrameTransformMatrix {
                        0.759200,0.097100,-0.643600,0.000000,
                        -0.029600,0.992900,0.115000,0.000000,
                        0.650200,-0.068200,0.756700,0.000000,
                        0.000000,1.470600,0.000000,1.000000;;
                      }
                      Frame Bone_044 {

                        FrameTransformMatrix {
                          -0.280900,0.941700,-0.185300,0.000000,
                          -0.942200,-0.233800,0.240200,0.000000,
                          0.182800,0.242100,0.952900,0.000000,
                          0.000000,0.297900,-0.000000,1.000000;;
                        }
                        Frame Bone_049 {

                          FrameTransformMatrix {
                            0.407800,-0.545600,0.732100,0.000000,
                            0.892800,0.406300,-0.194400,0.000000,
                            -0.191400,0.732900,0.652800,0.000000,
                            -0.000000,0.324100,-0.000000,1.000000;;
                          }
                          Frame Bone_050 {

                            FrameTransformMatrix {
                              0.944600,0.049200,0.324500,0.000000,
                              0.021500,0.977300,-0.210600,0.000000,
                              -0.327500,0.206000,0.922100,0.000000,
                              -0.000000,0.200500,-0.000000,1.000000;;
                            }
                          }
                        }
                      }
                      Frame Bone_045 {

                        FrameTransformMatrix {
                          -0.201900,-0.775000,-0.598800,0.000000,
                          0.301000,0.532700,-0.791000,0.000000,
                          0.932000,-0.339900,0.125700,0.000000,
                          0.000000,0.297900,-0.000000,1.000000;;
                        }
                        Frame Bone_060 {

                          FrameTransformMatrix {
                            -0.591600,-0.273100,0.758600,0.000000,
                            -0.741600,0.553500,-0.379100,0.000000,
                            -0.316400,-0.786800,-0.530000,0.000000,
                            0.000000,0.227200,0.000000,1.000000;;
                          }
                          Frame Bone_061 {

                            FrameTransformMatrix {
                              0.596200,0.504100,0.624800,0.000000,
                              -0.675200,0.735900,0.050500,0.000000,
                              -0.434300,-0.452000,0.779100,0.000000,
                              0.000000,0.159200,-0.000000,1.000000;;
                            }
                            Frame Bone_062 {

                              FrameTransformMatrix {
                                0.735200,0.341100,-0.585800,0.000000,
                                -0.197000,0.934400,0.296900,0.000000,
                                0.648600,-0.102800,0.754100,0.000000,
                                0.000000,0.124100,0.000000,1.000000;;
                              }
                            }
                          }
                        }
                      }
                      Frame Bone_046 {

                        FrameTransformMatrix {
                          -0.698100,-0.058100,-0.713600,0.000000,
                          0.163100,0.957600,-0.237500,0.000000,
                          0.697100,-0.282200,-0.659100,0.000000,
                          0.000000,0.297900,-0.000000,1.000000;;
                        }
                        Frame Bone_057 {

                          FrameTransformMatrix {
                            -0.789700,0.124400,0.600700,0.000000,
                            -0.025900,0.971600,-0.235200,0.000000,
                            -0.612900,-0.201300,-0.764100,0.000000,
                            -0.000000,0.157800,0.000000,1.000000;;
                          }
                          Frame Bone_058 {

                            FrameTransformMatrix {
                              0.448700,0.417700,0.790100,0.000000,
                              -0.495100,0.852200,-0.169300,0.000000,
                              -0.744000,-0.315200,0.589200,0.000000,
                              -0.000000,0.184200,0.000000,1.000000;;
                            }
                            Frame Bone_059 {

                              FrameTransformMatrix {
                                0.773600,0.549000,-0.316500,0.000000,
                                -0.498000,0.835600,0.231900,0.000000,
                                0.391800,-0.021700,0.919800,0.000000,
                                0.000000,0.167000,-0.000000,1.000000;;
                              }
                            }
                          }
                        }
                      }
                      Frame Bone_047 {

                        FrameTransformMatrix {
                          0.546000,0.397700,-0.737400,0.000000,
                          -0.186700,0.915800,0.355600,0.000000,
                          0.816700,-0.056500,0.574200,0.000000,
                          0.000000,0.297900,-0.000000,1.000000;;
                        }
                        Frame Bone_054 {

                          FrameTransformMatrix {
                            0.787000,-0.249200,0.564400,0.000000,
                            0.322500,0.946000,-0.032000,0.000000,
                            -0.525900,0.207200,0.824900,0.000000,
                            0.000000,0.175200,-0.000000,1.000000;;
                          }
                          Frame Bone_055 {

                            FrameTransformMatrix {
                              0.103800,0.479500,0.871400,0.000000,
                              -0.271300,0.856600,-0.439000,0.000000,
                              -0.956900,-0.190900,0.219000,0.000000,
                              -0.000000,0.196000,-0.000000,1.000000;;
                            }
                            Frame Bone_056 {

                              FrameTransformMatrix {
                                0.771200,0.575600,-0.272000,0.000000,
                                -0.536900,0.817600,0.207900,0.000000,
                                0.342000,-0.014300,0.939600,0.000000,
                                -0.000000,0.165700,-0.000000,1.000000;;
                              }
                            }
                          }
                        }
                      }
                      Frame Bone_048 {

                        FrameTransformMatrix {
                          0.430000,0.828800,-0.357900,0.000000,
                          -0.550500,0.554900,0.623700,0.000000,
                          0.715600,-0.071200,0.694800,0.000000,
                          0.000000,0.297900,-0.000000,1.000000;;
                        }
                        Frame Bone_051 {

                          FrameTransformMatrix {
                            0.692800,-0.672300,0.260900,0.000000,
                            0.708700,0.701600,-0.074200,0.000000,
                            -0.133200,0.236300,0.962500,0.000000,
                            -0.000000,0.246200,-0.000000,1.000000;;
                          }
                          Frame Bone_052 {

                            FrameTransformMatrix {
                              -0.073600,0.547800,0.833400,0.000000,
                              -0.110900,0.826000,-0.552700,0.000000,
                              -0.991100,-0.133100,-0.000000,0.000000,
                              0.000000,0.190400,-0.000000,1.000000;;
                            }
                            Frame Bone_053 {

                              FrameTransformMatrix {
                                0.831500,0.483400,-0.273800,0.000000,
                                -0.460400,0.875400,0.147500,0.000000,
                                0.311000,0.003400,0.950400,0.000000,
                                0.000000,0.164600,-0.000000,1.000000;;
                              }
                            }
                          }
                        }
                      }
                    }
                  }
                }
              }
            }
          }
        }
        Frame Bone_010 {

          FrameTransformMatrix {
            0.177900,-0.297100,-0.938100,0.000000,
            -0.918500,-0.392400,-0.049900,0.000000,
            -0.353300,0.870500,-0.342700,0.000000,
            0.000000,0.900100,0.000000,1.000000;;
          }
          Frame Bone_011 {

            FrameTransformMatrix {
              0.200400,-0.900700,-0.385400,0.000000,
              0.362200,0.433600,-0.825100,0.000000,
              0.910300,0.025800,0.413100,0.000000,
              -0.000000,0.667200,-0.000000,1.000000;;
            }
            Frame Bone_012 {

              FrameTransformMatrix {
                0.999300,0.021300,-0.031800,0.000000,
                -0.026100,0.987000,-0.158300,0.000000,
                0.028000,0.159000,0.986900,0.000000,
                0.000000,2.411300,-0.000000,1.000000;;
              }
              Frame Bone_013 {

                FrameTransformMatrix {
                  0.987000,0.023800,0.158800,0.000000,
                  -0.154900,0.403400,0.901800,0.000000,
                  -0.042600,-0.914700,0.401900,0.000000,
                  -0.000000,1.898100,-0.000000,1.000000;;
                }
                Frame Bone_014 {

                  FrameTransformMatrix {
                    0.997600,-0.043500,0.053800,0.000000,
                    0.020900,0.930600,0.365400,0.000000,
                    -0.065900,-0.363400,0.929300,0.000000,
                    -0.000000,0.766600,0.000000,1.000000;;
                  }
                }
              }
            }
          }
        }
        Frame Bone_038 {

          FrameTransformMatrix {
            0.191000,0.449700,-0.872500,0.000000,
            0.904000,-0.426900,-0.022100,0.000000,
            -0.382400,-0.784500,-0.488100,0.000000,
            0.000000,0.900100,0.000000,1.000000;;
          }
          Frame Bone_039 {

            FrameTransformMatrix {
              0.200600,0.900900,-0.384800,0.000000,
              -0.379000,0.433600,0.817500,0.000000,
              0.903400,-0.018200,0.428500,0.000000,
              -0.000000,0.667200,0.000000,1.000000;;
            }
            Frame Bone_040 {

              FrameTransformMatrix {
                0.999600,-0.021300,-0.017000,0.000000,
                0.018300,0.987000,-0.159400,0.000000,
                0.020200,0.159000,0.987100,0.000000,
                -0.000000,2.411300,0.000000,1.000000;;
              }
              Frame Bone_041 {

                FrameTransformMatrix {
                  0.987000,-0.023800,-0.158800,0.000000,
                  0.154900,0.403400,0.901800,0.000000,
                  0.042600,-0.914700,0.401900,0.000000,
                  -0.000000,1.898100,-0.000000,1.000000;;
                }
                Frame Bone_042 {

                  FrameTransformMatrix {
                    0.997900,0.042100,-0.050200,0.000000,
                    -0.020900,0.930600,0.365400,0.000000,
                    0.062100,-0.363500,0.929500,0.000000,
                    -0.000000,0.766600,-0.000000,1.000000;;
                  }
                }
              }
            }
          }
        }
      }
  }  // End of the Bone Bone 
      Frame Alfred_low {

        FrameTransformMatrix {
          1.000000,0.000000,0.000000,0.000000,
          0.000000,1.000000,0.000000,0.000000,
          0.000000,0.000000,1.000000,0.000000,
          0.000000,-0.000000,-3.244500,1.000000;;
        }
Mesh {
7568;
0.168500; 0.181600; 5.158300;,
0.017900; 0.216000; 5.143700;,
0.017900; 0.209100; 5.270200;,
0.191900; 0.179400; 5.270500;,
0.017900; 0.209100; 5.270200;,
0.017900; 0.216000; 5.143700;,
-0.132800; 0.181600; 5.158300;,
-0.156200; 0.179400; 5.270500;,
0.191900; 0.179400; 5.270500;,
0.017900; 0.209100; 5.270200;,
0.017900; 0.149000; 5.316300;,
0.167400; 0.117300; 5.309800;,
0.017900; 0.149000; 5.316300;,
0.017900; 0.209100; 5.270200;,
-0.156200; 0.179400; 5.270500;,
-0.131600; 0.117300; 5.309800;,
0.167400; 0.117300; 5.309800;,
0.017900; 0.149000; 5.316300;,
0.017900; 0.167300; 5.182900;,
0.163300; 0.142500; 5.196000;,
0.017900; 0.167300; 5.182900;,
0.017900; 0.149000; 5.316300;,
-0.131600; 0.117300; 5.309800;,
-0.127600; 0.142500; 5.196000;,
0.312600; 0.135400; 5.165400;,
0.168500; 0.181600; 5.158300;,
0.191900; 0.179400; 5.270500;,
0.352600; 0.124200; 5.273300;,
-0.156200; 0.179400; 5.270500;,
-0.132800; 0.181600; 5.158300;,
-0.276900; 0.135400; 5.165400;,
-0.316900; 0.124200; 5.273300;,
0.352600; 0.124200; 5.273300;,
0.191900; 0.179400; 5.270500;,
0.167400; 0.117300; 5.309800;,
0.327400; 0.070800; 5.296900;,
-0.131600; 0.117300; 5.309800;,
-0.156200; 0.179400; 5.270500;,
-0.316900; 0.124200; 5.273300;,
-0.291700; 0.070800; 5.296900;,
0.327400; 0.070800; 5.296900;,
0.167400; 0.117300; 5.309800;,
0.163300; 0.142500; 5.196000;,
0.290200; 0.053400; 5.200000;,
-0.127600; 0.142500; 5.196000;,
-0.131600; 0.117300; 5.309800;,
-0.291700; 0.070800; 5.296900;,
-0.254400; 0.053400; 5.200000;,
0.288700; -0.547300; 4.951800;,
0.180900; -0.590600; 4.830200;,
0.217500; -0.656200; 4.972800;,
0.315300; -0.606500; 5.054300;,
-0.181800; -0.656200; 4.972800;,
-0.145200; -0.590600; 4.830200;,
-0.253000; -0.547300; 4.951800;,
-0.279600; -0.606500; 5.054300;,
0.017900; -0.663900; 4.816300;,
0.075900; -0.660800; 4.882100;,
0.217500; -0.656200; 4.972800;,
0.180900; -0.590600; 4.830200;,
-0.181800; -0.656200; 4.972800;,
-0.040100; -0.660800; 4.882100;,
0.017900; -0.663900; 4.816300;,
-0.145200; -0.590600; 4.830200;,
0.506400; -0.186200; 5.197100;,
0.484800; -0.162500; 5.105100;,
0.429400; 0.019700; 5.156800;,
0.455600; 0.000600; 5.240300;,
-0.393600; 0.019700; 5.156800;,
-0.449000; -0.162500; 5.105100;,
-0.470600; -0.186200; 5.197100;,
-0.419800; 0.000600; 5.240300;,
0.504100; -0.394100; 5.113400;,
0.466300; -0.381500; 5.026100;,
0.484800; -0.162500; 5.105100;,
0.506400; -0.186200; 5.197100;,
-0.449000; -0.162500; 5.105100;,
-0.430500; -0.381500; 5.026100;,
-0.468400; -0.394100; 5.113400;,
-0.470600; -0.186200; 5.197100;,
0.438300; -0.607300; 5.014700;,
0.386600; -0.571800; 4.900300;,
0.466300; -0.381500; 5.026100;,
0.504100; -0.394100; 5.113400;,
-0.430500; -0.381500; 5.026100;,
-0.350900; -0.571800; 4.900300;,
-0.402600; -0.607300; 5.014700;,
-0.468400; -0.394100; 5.113400;,
0.455600; 0.000600; 5.240300;,
0.429400; 0.019700; 5.156800;,
0.312600; 0.135400; 5.165400;,
0.352600; 0.124200; 5.273300;,
-0.276900; 0.135400; 5.165400;,
-0.393600; 0.019700; 5.156800;,
-0.419800; 0.000600; 5.240300;,
-0.316900; 0.124200; 5.273300;,
0.419900; -0.060000; 5.271700;,
0.455600; 0.000600; 5.240300;,
0.352600; 0.124200; 5.273300;,
0.327400; 0.070800; 5.296900;,
-0.316900; 0.124200; 5.273300;,
-0.419800; 0.000600; 5.240300;,
-0.384200; -0.060000; 5.271700;,
-0.291700; 0.070800; 5.296900;,
0.315300; -0.606500; 5.054300;,
0.438300; -0.607300; 5.014700;,
0.504100; -0.394100; 5.113400;,
0.393900; -0.389800; 5.144000;,
-0.468400; -0.394100; 5.113400;,
-0.402600; -0.607300; 5.014700;,
-0.279600; -0.606500; 5.054300;,
-0.358100; -0.389800; 5.144000;,
0.393900; -0.389800; 5.144000;,
0.504100; -0.394100; 5.113400;,
0.506400; -0.186200; 5.197100;,
0.438400; -0.215000; 5.228200;,
-0.470600; -0.186200; 5.197100;,
-0.468400; -0.394100; 5.113400;,
-0.358100; -0.389800; 5.144000;,
-0.402700; -0.215000; 5.228200;,
0.438400; -0.215000; 5.228200;,
0.506400; -0.186200; 5.197100;,
0.455600; 0.000600; 5.240300;,
0.419900; -0.060000; 5.271700;,
-0.419800; 0.000600; 5.240300;,
-0.470600; -0.186200; 5.197100;,
-0.402700; -0.215000; 5.228200;,
-0.384200; -0.060000; 5.271700;,
0.402300; -0.197000; 5.120900;,
0.438400; -0.215000; 5.228200;,
0.419900; -0.060000; 5.271700;,
0.378500; -0.044400; 5.172700;,
-0.384200; -0.060000; 5.271700;,
-0.402700; -0.215000; 5.228200;,
-0.366500; -0.197000; 5.120900;,
-0.342800; -0.044400; 5.172700;,
0.379500; -0.371600; 5.060800;,
0.393900; -0.389800; 5.144000;,
0.438400; -0.215000; 5.228200;,
0.402300; -0.197000; 5.120900;,
-0.402700; -0.215000; 5.228200;,
-0.358100; -0.389800; 5.144000;,
-0.343700; -0.371600; 5.060800;,
-0.366500; -0.197000; 5.120900;,
0.288700; -0.547300; 4.951800;,
0.315300; -0.606500; 5.054300;,
0.393900; -0.389800; 5.144000;,
0.379500; -0.371600; 5.060800;,
-0.358100; -0.389800; 5.144000;,
-0.279600; -0.606500; 5.054300;,
-0.253000; -0.547300; 4.951800;,
-0.343700; -0.371600; 5.060800;,
0.378500; -0.044400; 5.172700;,
0.419900; -0.060000; 5.271700;,
0.327400; 0.070800; 5.296900;,
0.290200; 0.053400; 5.200000;,
-0.291700; 0.070800; 5.296900;,
-0.384200; -0.060000; 5.271700;,
-0.342800; -0.044400; 5.172700;,
-0.254400; 0.053400; 5.200000;,
0.158200; 0.162800; 5.069000;,
0.163300; 0.142500; 5.196000;,
0.017900; 0.167300; 5.182900;,
0.017900; 0.186500; 5.063100;,
0.017900; 0.167300; 5.182900;,
-0.127600; 0.142500; 5.196000;,
-0.122500; 0.162800; 5.069000;,
0.017900; 0.186500; 5.063100;,
0.304900; 0.116600; 5.069800;,
0.290200; 0.053400; 5.200000;,
0.163300; 0.142500; 5.196000;,
0.158200; 0.162800; 5.069000;,
-0.127600; 0.142500; 5.196000;,
-0.254400; 0.053400; 5.200000;,
-0.269200; 0.116600; 5.069800;,
-0.122500; 0.162800; 5.069000;,
0.193200; -0.643300; 4.761600;,
0.180900; -0.590600; 4.830200;,
0.288700; -0.547300; 4.951800;,
0.317600; -0.568600; 4.829100;,
-0.253000; -0.547300; 4.951800;,
-0.145200; -0.590600; 4.830200;,
-0.157400; -0.643300; 4.761600;,
-0.281900; -0.568600; 4.829100;,
0.017900; -0.681200; 4.715600;,
0.017900; -0.663900; 4.816300;,
0.180900; -0.590600; 4.830200;,
0.193200; -0.643300; 4.761600;,
-0.145200; -0.590600; 4.830200;,
0.017900; -0.663900; 4.816300;,
0.017900; -0.681200; 4.715600;,
-0.157400; -0.643300; 4.761600;,
0.411500; 0.006100; 5.064500;,
0.378500; -0.044400; 5.172700;,
0.290200; 0.053400; 5.200000;,
0.304900; 0.116600; 5.069800;,
-0.254400; 0.053400; 5.200000;,
-0.342800; -0.044400; 5.172700;,
-0.375800; 0.006100; 5.064500;,
-0.269200; 0.116600; 5.069800;,
0.317600; -0.568600; 4.829100;,
0.288700; -0.547300; 4.951800;,
0.379500; -0.371600; 5.060800;,
0.412700; -0.391800; 4.946400;,
-0.343700; -0.371600; 5.060800;,
-0.253000; -0.547300; 4.951800;,
-0.281900; -0.568600; 4.829100;,
-0.377000; -0.391800; 4.946400;,
0.412700; -0.391800; 4.946400;,
0.379500; -0.371600; 5.060800;,
0.402300; -0.197000; 5.120900;,
0.440400; -0.179500; 5.019500;,
-0.366500; -0.197000; 5.120900;,
-0.343700; -0.371600; 5.060800;,
-0.377000; -0.391800; 4.946400;,
-0.404700; -0.179500; 5.019500;,
0.440400; -0.179500; 5.019500;,
0.402300; -0.197000; 5.120900;,
0.378500; -0.044400; 5.172700;,
0.411500; 0.006100; 5.064500;,
-0.342800; -0.044400; 5.172700;,
-0.366500; -0.197000; 5.120900;,
-0.404700; -0.179500; 5.019500;,
-0.375800; 0.006100; 5.064500;,
0.191400; -0.783900; 5.985200;,
0.190300; -0.792700; 5.967400;,
0.220000; -0.789800; 5.949600;,
0.241700; -0.769400; 5.966000;,
-0.184300; -0.789800; 5.949600;,
-0.154500; -0.792700; 5.967400;,
-0.155700; -0.783900; 5.985200;,
-0.206000; -0.769400; 5.966000;,
0.139000; -0.778600; 5.970600;,
0.161200; -0.795600; 5.959200;,
0.190300; -0.792700; 5.967400;,
0.191400; -0.783900; 5.985200;,
-0.154500; -0.792700; 5.967400;,
-0.125400; -0.795600; 5.959200;,
-0.103300; -0.778600; 5.970600;,
-0.155700; -0.783900; 5.985200;,
0.094200; -0.772400; 5.927900;,
0.148100; -0.795600; 5.930600;,
0.161200; -0.795600; 5.959200;,
0.139000; -0.778600; 5.970600;,
-0.125400; -0.795600; 5.959200;,
-0.112300; -0.795600; 5.930600;,
-0.058400; -0.772400; 5.927900;,
-0.103300; -0.778600; 5.970600;,
0.241700; -0.769400; 5.966000;,
0.220000; -0.789800; 5.949600;,
0.224900; -0.790400; 5.925500;,
0.276700; -0.753800; 5.914100;,
-0.189200; -0.790400; 5.925500;,
-0.184300; -0.789800; 5.949600;,
-0.206000; -0.769400; 5.966000;,
-0.241000; -0.753800; 5.914100;,
0.276700; -0.753800; 5.914100;,
0.224900; -0.790400; 5.925500;,
0.212700; -0.791200; 5.899900;,
0.235700; -0.774900; 5.885400;,
-0.177000; -0.791200; 5.899900;,
-0.189200; -0.790400; 5.925500;,
-0.241000; -0.753800; 5.914100;,
-0.199900; -0.774900; 5.885400;,
0.235700; -0.774900; 5.885400;,
0.212700; -0.791200; 5.899900;,
0.185600; -0.793400; 5.891600;,
0.186700; -0.785900; 5.872700;,
-0.149800; -0.793400; 5.891600;,
-0.177000; -0.791200; 5.899900;,
-0.199900; -0.774900; 5.885400;,
-0.151000; -0.785900; 5.872700;,
0.186700; -0.785900; 5.872700;,
0.185600; -0.793400; 5.891600;,
0.158800; -0.795600; 5.901800;,
0.133200; -0.782300; 5.889500;,
-0.123100; -0.795600; 5.901800;,
-0.149800; -0.793400; 5.891600;,
-0.151000; -0.785900; 5.872700;,
-0.097500; -0.782300; 5.889500;,
0.133200; -0.782300; 5.889500;,
0.158800; -0.795600; 5.901800;,
0.148100; -0.795600; 5.930600;,
0.094200; -0.772400; 5.927900;,
-0.112300; -0.795600; 5.930600;,
-0.123100; -0.795600; 5.901800;,
-0.097500; -0.782300; 5.889500;,
-0.058400; -0.772400; 5.927900;,
0.148100; -0.795600; 5.930600;,
0.187400; -0.801200; 5.930900;,
0.190300; -0.792700; 5.967400;,
0.161200; -0.795600; 5.959200;,
-0.154500; -0.792700; 5.967400;,
-0.151700; -0.801200; 5.930900;,
-0.112300; -0.795600; 5.930600;,
-0.125400; -0.795600; 5.959200;,
0.187400; -0.801200; 5.930900;,
0.224900; -0.790400; 5.925500;,
0.220000; -0.789800; 5.949600;,
0.190300; -0.792700; 5.967400;,
-0.184300; -0.789800; 5.949600;,
-0.189200; -0.790400; 5.925500;,
-0.151700; -0.801200; 5.930900;,
-0.154500; -0.792700; 5.967400;,
0.187400; -0.801200; 5.930900;,
0.148100; -0.795600; 5.930600;,
0.158800; -0.795600; 5.901800;,
0.185600; -0.793400; 5.891600;,
-0.123100; -0.795600; 5.901800;,
-0.112300; -0.795600; 5.930600;,
-0.151700; -0.801200; 5.930900;,
-0.149800; -0.793400; 5.891600;,
0.224900; -0.790400; 5.925500;,
0.187400; -0.801200; 5.930900;,
0.185600; -0.793400; 5.891600;,
0.212700; -0.791200; 5.899900;,
-0.149800; -0.793400; 5.891600;,
-0.151700; -0.801200; 5.930900;,
-0.189200; -0.790400; 5.925500;,
-0.177000; -0.791200; 5.899900;,
0.473000; -0.236300; 5.742500;,
0.436200; -0.222900; 5.738200;,
0.475600; -0.226900; 5.777700;,
-0.439900; -0.226900; 5.777700;,
-0.400500; -0.222900; 5.738200;,
-0.437300; -0.236300; 5.742500;,
0.475600; -0.226900; 5.777700;,
0.436200; -0.222900; 5.738200;,
0.488900; -0.214700; 5.824500;,
-0.453200; -0.214700; 5.824500;,
-0.400500; -0.222900; 5.738200;,
-0.439900; -0.226900; 5.777700;,
0.480900; -0.208100; 5.701800;,
0.436200; -0.222900; 5.738200;,
0.470800; -0.240800; 5.674800;,
-0.435100; -0.240800; 5.674800;,
-0.400500; -0.222900; 5.738200;,
-0.445200; -0.208100; 5.701800;,
0.496400; -0.182500; 5.757100;,
0.436200; -0.222900; 5.738200;,
0.480900; -0.208100; 5.701800;,
-0.445200; -0.208100; 5.701800;,
-0.400500; -0.222900; 5.738200;,
-0.460600; -0.182500; 5.757100;,
0.466500; -0.261500; 5.704700;,
0.436200; -0.222900; 5.738200;,
0.473000; -0.236300; 5.742500;,
-0.437300; -0.236300; 5.742500;,
-0.400500; -0.222900; 5.738200;,
-0.430700; -0.261500; 5.704700;,
0.470800; -0.240800; 5.674800;,
0.436200; -0.222900; 5.738200;,
0.466500; -0.261500; 5.704700;,
-0.430700; -0.261500; 5.704700;,
-0.400500; -0.222900; 5.738200;,
-0.435100; -0.240800; 5.674800;,
0.498300; -0.182000; 5.807600;,
0.436200; -0.222900; 5.738200;,
0.496400; -0.182500; 5.757100;,
-0.460600; -0.182500; 5.757100;,
-0.400500; -0.222900; 5.738200;,
-0.462600; -0.182000; 5.807600;,
0.488900; -0.214700; 5.824500;,
0.436200; -0.222900; 5.738200;,
0.498300; -0.182000; 5.807600;,
-0.462600; -0.182000; 5.807600;,
-0.400500; -0.222900; 5.738200;,
-0.453200; -0.214700; 5.824500;,
0.543100; -0.135300; 5.847600;,
0.523500; -0.197100; 5.884400;,
0.488900; -0.214700; 5.824500;,
0.498300; -0.182000; 5.807600;,
-0.453200; -0.214700; 5.824500;,
-0.487800; -0.197100; 5.884400;,
-0.507400; -0.135300; 5.847600;,
-0.462600; -0.182000; 5.807600;,
0.538900; -0.141300; 5.757000;,
0.543100; -0.135300; 5.847600;,
0.498300; -0.182000; 5.807600;,
0.496400; -0.182500; 5.757100;,
-0.462600; -0.182000; 5.807600;,
-0.507400; -0.135300; 5.847600;,
-0.503100; -0.141300; 5.757000;,
-0.460600; -0.182500; 5.757100;,
0.473800; -0.289100; 5.681800;,
0.485700; -0.245300; 5.642500;,
0.470800; -0.240800; 5.674800;,
0.466500; -0.261500; 5.704700;,
-0.435100; -0.240800; 5.674800;,
-0.450000; -0.245300; 5.642500;,
-0.438100; -0.289100; 5.681800;,
-0.430700; -0.261500; 5.704700;,
0.488600; -0.248200; 5.751400;,
0.473800; -0.289100; 5.681800;,
0.466500; -0.261500; 5.704700;,
0.473000; -0.236300; 5.742500;,
-0.430700; -0.261500; 5.704700;,
-0.438100; -0.289100; 5.681800;,
-0.452900; -0.248200; 5.751400;,
-0.437300; -0.236300; 5.742500;,
0.506400; -0.193500; 5.675100;,
0.538900; -0.141300; 5.757000;,
0.496400; -0.182500; 5.757100;,
0.480900; -0.208100; 5.701800;,
-0.460600; -0.182500; 5.757100;,
-0.503100; -0.141300; 5.757000;,
-0.470700; -0.193500; 5.675100;,
-0.445200; -0.208100; 5.701800;,
0.485700; -0.245300; 5.642500;,
0.506400; -0.193500; 5.675100;,
0.480900; -0.208100; 5.701800;,
0.470800; -0.240800; 5.674800;,
-0.445200; -0.208100; 5.701800;,
-0.470700; -0.193500; 5.675100;,
-0.450000; -0.245300; 5.642500;,
-0.435100; -0.240800; 5.674800;,
0.523500; -0.197100; 5.884400;,
0.495400; -0.233400; 5.817500;,
0.475600; -0.226900; 5.777700;,
0.488900; -0.214700; 5.824500;,
-0.439900; -0.226900; 5.777700;,
-0.459600; -0.233400; 5.817500;,
-0.487800; -0.197100; 5.884400;,
-0.453200; -0.214700; 5.824500;,
0.495400; -0.233400; 5.817500;,
0.488600; -0.248200; 5.751400;,
0.473000; -0.236300; 5.742500;,
0.475600; -0.226900; 5.777700;,
-0.437300; -0.236300; 5.742500;,
-0.452900; -0.248200; 5.751400;,
-0.459600; -0.233400; 5.817500;,
-0.439900; -0.226900; 5.777700;,
0.450200; -0.325400; 5.607300;,
0.473800; -0.289100; 5.681800;,
0.488600; -0.248200; 5.751400;,
0.460100; -0.306800; 5.769500;,
-0.452900; -0.248200; 5.751400;,
-0.438100; -0.289100; 5.681800;,
-0.414500; -0.325400; 5.607300;,
-0.424400; -0.306800; 5.769500;,
0.466800; -0.274300; 5.873800;,
0.495400; -0.233400; 5.817500;,
0.523500; -0.197100; 5.884400;,
0.527400; -0.210700; 5.919500;,
-0.487800; -0.197100; 5.884400;,
-0.459600; -0.233400; 5.817500;,
-0.431100; -0.274300; 5.873800;,
-0.491600; -0.210700; 5.919500;,
0.527400; -0.210700; 5.919500;,
0.523500; -0.197100; 5.884400;,
0.543100; -0.135300; 5.847600;,
0.558300; -0.106500; 5.873400;,
-0.507400; -0.135300; 5.847600;,
-0.487800; -0.197100; 5.884400;,
-0.491600; -0.210700; 5.919500;,
-0.522600; -0.106500; 5.873400;,
0.558300; -0.106500; 5.873400;,
0.543100; -0.135300; 5.847600;,
0.538900; -0.141300; 5.757000;,
0.546200; -0.111100; 5.751700;,
-0.503100; -0.141300; 5.757000;,
-0.507400; -0.135300; 5.847600;,
-0.522600; -0.106500; 5.873400;,
-0.510500; -0.111100; 5.751700;,
0.546200; -0.111100; 5.751700;,
